0.7680104715282772
0.7775027113821122
0.7429756959999948
0.7704387241317878
0.7444748117501483
0.7525500038004951
0.7733042473117595
0.7579642385450055
0.7614086325734631
0.779996999676366
0.7481040931895913
0.7556312058314751
0.7816720140023824
0.7840659329200703
0.7631766123588842
0.738974074540736
0.758561067569399
0.7730612278057918
0.7458695221963194
0.7722985690916983
0.7598928031451004
0.7852521464471894
0.7713681814748656
0.7815443970634058
0.7682864296361198
0.7601966619559788
0.7688558966733878
0.7675430114007372
0.755604111120006
0.755560692237439
0.7549914959450661
0.7539198664800236
0.7755928307985595
0.7868603518656511
0.7599889683798535
0.75082473339915
0.7648472537348573
0.7671864826583281
0.7564834247344377
0.751993886447476
0.7662717573918729
0.7925939402714195
0.751619464851737
0.7613432992807332
0.7491605476585265
0.7590598202276625
0.7598025072931509
0.7610928308776552
0.7516867386954414
0.7562497196888365
0.7597923143778602
0.7483736337480429
0.7673169188370667
0.7500991756550154
0.7719930306433987
0.7782458052583457
0.7754093734504078
0.7571535832648012
0.7486078456460595
0.7829051945791093
0.7389197850936682
0.786763989408021
0.7766763293135193
0.7560512692998174
0.7863603929024454
0.7473517921553703
0.7423769150625207
0.7583992061902899
0.7624221342433585
0.7675839340625816
0.7714729725137137
0.7598558237297418
0.791682934444815
0.7606987728137822
0.7899184507569482
0.7630289405553349
0.7484262714459226
0.7661918446151452
0.776601090957783
0.7611979215959862
0.7792320464011425
0.7762731844430388
0.7651457775037388
0.7695816695920785
0.7694476383203117
0.7823716200639786
0.7619866337657705
0.7544617942208439
0.7390912844986433
0.7678090871781106
0.7806165516969354
0.7654544643498581
0.7630903643808501
0.7414901143840603
0.7634277855896484
0.7719993823143404
0.748799629812243
0.7535771537729035
0.760379298709025
0.7590441130042268
0.7593095267710628
0.791123772377079
0.7749046515755337
0.7815409171529868
0.7488286267520667
0.761297105352766
0.7543327222837494
0.7690688982327798
0.770280186727148
0.7732822570321071
0.7642061164783391
