0.7532809243230746
0.7629341956333985
0.7586536767590322
0.8586598913322414
0.8318717253685414
0.7738940128661608
0.7410575591547435
0.6688892573432141
0.7445022530383016
0.7093829671145719
0.79036698988696
0.7660866807797859
0.7873230036943899
0.720488059197177
0.8343874726463011
0.8167339206639344
0.717126797230917
0.7441846664275877
0.8305805369014159
0.7834951293744085
0.7852383594545399
0.822965982551301
0.7676965812894693
0.7176257370672322
0.8684553490438215
0.7134250900506647
0.7256251933628233
0.7750049567677733
0.7486869833848011
0.8297677188381537
0.7169315223673237
0.8306632278362276
0.7636549501912729
0.7848716997115912
0.8505354150493567
0.7750531232333018
0.6876217633136444
0.8067914992254483
0.7557621008425591
0.7743983030807843
0.7079784647852617
0.6905760702679048
0.6471962282108488
0.8255077606016011
0.8207184714592056
0.7048928084044077
0.7125078745636911
0.7465004971917306
0.6596088872409542
0.7313189760492312
0.7686887557542778
0.744236335503799
0.887378722008462
0.6726231517832024
0.8078117264288533
0.7809447432414279
0.7059407150679889
0.7064295294464429
0.7845814735156402
0.7405274734567537
0.7180792450334099
0.7225647887754492
0.7813704567359504
0.7760143093508349
0.9185398005110955
0.7892663845549738
0.8044181067893327
0.7554129938938036
0.7340137306736434
0.7580881718640071
0.7097954185440964
0.834714669924203
0.7453007627109448
0.688572952020401
0.688760797606909
0.7148697055311187
0.6755847589292826
0.6388476173257354
0.7787726067731079
0.7972149655714534
0.7587418257134246
0.7824000295341538
0.7925951113047973
0.828873603895765
0.7310223852337031
0.7607303784684591
0.7249709985150777
0.7411271279572712
0.6506340299651626
0.8271957610490064
0.6637512855793706
0.7868882424515184
0.6946764789037777
0.7138488700818016
0.8385929523055826
0.7416657957779268
0.8732472561264094
0.7292417290686808
0.6964508570244377
0.8250394064242536
0.7291672611703182
0.8500218776853967
0.7251028824052322
0.8061583307441426
0.8558187591571482
0.7113426280745982
0.726687963310911
0.7713716688871504
0.7817221428859366
0.7393509319664827
0.7116743570123247
