70.24957547658538
72.47278620219878
72.85885948047903
69.92089261029265
78.02088478613206
72.60053483784031
73.4075226667538
70.55567637717144
71.74488882117319
71.57521484467244
71.58886134069351
75.51565854273795
71.38660803331966
66.65949590467734
73.34670211868045
80.3744676092702
64.74974847182425
71.85664473297342
69.75182422311492
70.63963749562885
68.9005584162162
73.35535918822141
70.63470255627321
68.88184564295159
72.12943145503692
63.445661667706354
69.02824857352927
70.24035151643172
73.10831853269293
76.03181742168513
71.58195603028712
74.20729527991533
68.31800695076888
73.7920513232291
74.35244966994236
75.65125057918134
70.87269253141515
73.38079307980462
69.98735105672421
66.07328255404623
74.42914196849286
70.42050032411659
67.53697921003001
73.3232071852401
67.7927726145877
71.41642844584848
67.16823583912063
71.32475498805131
69.07743123563039
73.87944794781544
68.93860639552221
67.34498174584765
72.22270896086751
76.86670708882117
71.3857663139324
71.00819456403379
74.00543045349242
78.62147339665088
73.33969581809053
65.1339320805917
68.64714361276756
71.20791689289506
78.66731802514128
68.83204500985867
70.3177017638598
73.75672555819432
67.56133554377826
69.63143340400605
73.21657565992959
68.89733586405394
69.38719814783433
77.06261374659378
73.89628152158296
71.77815707246845
71.21149045387533
71.1561349524756
65.6977282067443
69.64196247867135
70.01919595794911
69.30629553741893
69.19584797659127
66.87988484492983
70.71505610950375
78.92815968276823
66.94504314275608
73.12015334787142
65.5879077831838
73.16643894321243
71.45235847114321
65.77401421375308
71.11148049057574
66.61299918889844
69.48899654520403
71.5037495661245
64.3987965372516
71.8250960799087
71.45022495784508
73.96583069189245
63.80083128227665
64.47610398209572
76.1935333280782
68.60263671416493
69.81971867817339
69.15960458820825
77.84356808208204
72.94753612671607
77.63172934548757
75.25516006314288
70.48972046746331
69.82213322759598
71.01320205954086
