0.7727565914551933
0.7567072100658918
0.7485124077753222
0.7656342429283836
0.7707028161249139
0.7518676495105343
0.7828689734612262
0.7510753434498098
0.7658111476875954
0.7590840456440079
0.7725724747961442
0.7764562892691356
0.7642415457960486
0.7681994540370626
0.755582401678723
0.7544556812125459
0.7812265913321053
0.7554068508895015
0.7660168681965929
0.7542386555909558
0.7794328488316468
0.7564813820662352
0.7541101839430949
0.7604476690854046
0.753968229192139
0.7540829740629509
0.7587080472460412
0.7751194179508719
0.7662814783576041
0.7657565201125837
0.7628418872508458
0.7663637993066683
0.766856092528908
0.750388060626405
0.7650030341529688
0.7656643981217256
0.7761908536292988
0.7764736956561418
0.7573090580305343
0.7688995062768846
0.7777526154220915
0.767363723547908
0.7759096291921442
0.7582242139933065
0.753450185838378
0.7730355080233968
0.7522902393824556
0.7677135839519944
0.7511883917925724
0.7597117058566253
0.7752166495740701
0.7782227843642597
0.7550628660524157
0.7617008102582654
0.7717812218796269
0.7688548506014448
0.764786809196357
0.7722569747739778
0.7483359698095133
0.7554258563985092
0.7634833617577852
0.7640119958991428
0.7658151701860528
0.7688897611976511
0.7506054747123133
0.7648104342619358
0.754277106598968
0.77379135296883
0.7721669945950368
0.765129154326559
0.7683271197212549
0.7559296898803674
0.7640279980594661
0.7665696402627441
0.777838027891508
0.7698583500792429
0.7548219101770909
0.7645646781074239
0.7489088221107094
0.7686832321871739
0.7612686423798797
0.7720587963120288
0.7720043584889664
0.7745884567920407
0.7539474068484876
0.7608449581345266
0.7486822241966724
0.761501961575443
0.760333286140967
0.7643953373000048
0.7690809914178044
0.7818741802297999
0.7566841641758735
0.7658556935989361
0.7683939047811202
0.7587227122776439
0.7670395301593064
0.7572317437142667
0.7769692871844298
0.7774277955014435
0.7514721059208879
0.749266549085352
0.756896644168936
0.7656995303136678
0.7599568357091513
0.7647108284092661
0.7640106611404566
0.7681541701790255
0.759918115774881
0.7869187759630809
0.7553185266337162
