61.582677749427
54.51115839850254
100.5813816943024
68.72248243158575
64.73708377476596
52.26908159554532
98.41107896344985
46.214400368272315
74.53465262290077
80.9317571671018
79.52724763830187
62.413127070498334
62.05303642323306
83.34311246720321
67.70706390564872
63.829137719848674
69.07676997687507
78.88964416251318
74.67046687932827
83.21825577853755
66.00067958927988
68.58808869572431
66.72963234385102
71.1073797656677
72.44156275131212
78.09357800083055
75.24662315316993
80.75918871740119
66.85431333554189
82.76754845201178
62.06777070540903
89.17783082871098
61.78992717009383
81.24142223169684
61.22238611167285
76.09114030591513
65.02475989056485
68.9943776051659
82.56961654305096
51.02969471064646
78.93329854537372
77.93705867536231
88.49836558376548
86.33080779287681
75.50337597397663
74.04386725815996
74.54342466309816
83.13733091956306
70.93187667490528
70.34944177423925
70.52884149410937
62.963632006883316
77.74540067909777
67.88429477795106
65.70286019634162
79.72589461650168
56.32943930125138
62.40127861341224
95.44475303389734
87.2789536589574
75.95671420805358
76.5881252858278
58.339605465599256
63.35731100874217
68.99307582223197
76.54453168251591
85.29674420072567
78.2928096713732
85.72642802822425
64.97988129424417
73.23026586467502
72.99921926628834
53.480661089822114
59.583282538676954
74.00866082360844
78.16288192878429
54.758427488392385
81.92987213500321
63.19865799492861
94.20483464153523
74.32038484694809
79.52076328129684
67.38346155565134
53.99598380327412
58.37909563412781
92.26729938207002
85.51186680613804
81.59965378587901
70.99441494769539
53.475964168650975
83.11933020810775
68.29734341075077
75.58241386085624
74.78080151032833
61.974024837425546
80.72612374237147
67.61757716005195
66.76262431378832
64.13100452814611
72.76090487489805
55.471996070414846
69.45990311012574
82.90797550820514
77.17190081190844
89.95363673601167
51.848844182450364
59.37691058508864
70.83453580569723
75.41170502637189
83.45120557066124
72.55445919666832