72.3406836103299
71.58696484729208
70.57562949707452
71.82171290553143
70.63688997589327
71.8867496817851
71.07355313344848
70.91570580756134
70.17648645157128
68.86341093220732
72.7765340621112
72.4818009350997
71.68720958024446
73.82657611425634
73.28037647251301
71.5871595944296
73.39288052097389
71.64210835686453
71.45312840822933
73.06306163474251
71.9710417501752
71.79669278627833
72.02440654359594
72.46019501209463
72.36420416614749
73.41713748963754
71.431951897167
73.00199805443647
73.58935204090102
69.30980065532296
70.05444798087281
71.35136326449616
72.70968981135775
71.56885099466989
71.05723603047862
68.63780330913808
71.95288230368186
71.46372067009517
69.52515938167704
71.68775845344814
70.90476912091832
69.60576630808397
70.8290123746
69.48856263578753
72.68551995177442
73.23878996600745
71.29288244194278
Infinity
70.2682560299798
72.2100084683763
71.94925856565366
72.72309315194956
69.6298045301325
73.64297703317983
69.67768929605965
72.2026638128672
69.9480807636136
72.49545536103489
68.99643640632392
70.20498016578091
71.97403387311005
70.27700762145585
72.0751000156554
71.82096076507057
71.9884719142365
70.67070008126775
69.36456593460113
71.07713103937027
72.59017012760388
71.99434226140335
72.79147746812211
70.509311149716
73.09045473593251
72.98122702460522
73.1761381322211
71.78003956479122
68.95888484514174
71.10959404115279
72.17599212055028
67.9562549950346
71.6024138317445
69.81494504240938
71.40989343132642
72.76493555579064
72.23130865337237
69.18213587086893
72.19665590161229
71.27232608463643
72.32206766570334
69.71508819320901
71.92808473277017
70.11799581412436
70.26173783006715
70.65560427664298
71.88516937557277
70.25610611276713
71.88502513380185
70.69088014947634
70.4952556320362
71.72695952044903
72.82792480218603
71.25939119725845
70.9874746082819
72.41865680564536
70.01643424597617
72.67363689946136
71.13884663095934
72.39831886057885
72.51082120078935
72.45095747856645
70.99039693381977
