70.02695680971674
70.47219414345399
71.00871750097704
73.93685490342057
68.97346862916699
76.7442503317911
71.09986740951672
68.74191781106866
81.44058131427099
74.60118825799314
68.96500583087662
76.23606384480401
68.64696635809096
78.16807897541663
66.66041791661416
74.45093483772875
66.71993782425965
76.76983981808667
72.75078276549372
70.39964692385117
74.99308244733317
68.18464023405383
75.03747106980013
75.99384601567571
74.17596670880808
68.5972493578313
64.6448118471037
68.674179962251
75.99085364649213
70.7025505908688
75.51775592148628
85.23117929705415
71.10188548314274
58.39761146050573
69.33896614742284
74.374323318524
68.51054538188417
70.99310306434565
72.363643661395
68.91563132986265
61.97509490800002
75.82602192443241
67.45474772466429
79.25597065177854
67.480600533931
73.78880457861543
60.580048069727496
77.18364321617571
70.55250028410174
73.70636262597216
67.98847102496971
58.90285231044303
70.96833380931423
67.08816333774419
67.66864528585357
72.81205774700985
74.50052493596044
71.71611212942543
76.4408954596801
75.6227393836901
75.68927376564949
67.47463829492486
74.3897410075769
74.02484955225376
73.18868317703503
63.447330724502784
76.38021500091877
71.20388764553944
71.73607116492202
76.96882817496272
71.36353952779167
79.93896163057101
65.98681148852691
75.75857357430334
70.41558287959627
76.34600328001302
75.76830300311603
64.20639911033237
64.32106206775858
67.82550304033393
73.54794190116114
75.31034203582456
69.3128616189478
71.52813902928538
66.2922729191265
68.7816855009335
70.8485752306107
75.79783913986955
67.23290961610365
68.35263561307171
71.67324334513461
71.15961354656233
60.828640440259925
73.50783123798129
67.21375571548195
75.43575426062066
67.42198418843736
70.73287828282338
70.69908735266233
77.05980854296855
67.97395914086124
69.9032536501832
63.86655834009517
70.82340515160008
75.12510380355866
69.32031411817633
73.1844870794904
80.54892709815189
67.34378044788065
75.4277521799842
72.75844119928398
