0.7807392209231502
0.8482666549775704
0.6308368970685028
0.7722180791927855
0.6691797032180412
0.8474048044893687
0.5644648509830332
0.8673362951893878
0.8441598841046755
0.8616023922131346
0.8771619789604476
0.8372153028231416
0.7441033587505395
0.8517143747274758
0.8997974426276087
0.727568873903292
0.651184952555322
0.9429282121398683
0.7189926344686002
0.712065107107428
0.7921149358882025
0.7409456051506902
0.7636772398911547
0.5020449269877976
0.711720350491788
0.8428579283012769
0.6789284803218399
0.8001494913394367
0.6244584586384345
0.7035409513658448
0.6814060202601226
0.8360765989302807
0.8536183504704764
0.8513306703394445
0.6937441904996849
0.7531851815002286
0.7032489984134851
0.7965492143797102
0.8621707982899747
0.6082361703413424
0.7896198448093867
0.763608162440802
0.7723281973921694
0.828991171115859
0.9018430494308743
0.8036269776532066
0.7450147826248674
0.9015600017137289
0.7771318264692062
0.6678539805391639
0.706394584684381
0.8219337820375061
0.748616711382412
0.6620035058628452
0.88714441981678
0.8498049272882721
0.7547922635991948
0.7620360543651367
0.7928111430136451
0.795638190744444
0.7433566085203855
0.7889408218308303
0.8234176480124035
0.8008028307737417
0.8070660832501968
0.8610290336299652
0.7204416053623193
0.7738872542407929
0.8087608842652955
0.7733288571339954
0.6810618162268374
0.698486537840864
0.7736668817579491
0.8714294693336765
0.9602696960398382
0.6272695945494069
0.73934545376835
0.7736602218342371
0.795945170279604
0.7343362677394418
0.6465941420694246
0.7626920222893594
0.8284628489640651
0.7338599990498947
0.6181554925386713
0.7732218060439726
0.8546836515717597
0.7884652690516832
0.8671252216657332
0.8337126657970444
0.752011429392817
0.6595004742430414
0.7392826634661132
0.8658404705695435
0.8103408108285464
0.8158084021105934
0.8689461360245764
0.6926083230549495
0.7294103914942935
0.8967350296948012
0.8140027487106192
0.6438773207293533
0.7468786627098187
0.8850709315502259
0.9196566508880256
0.6687377419587159
0.8497914984570013
0.8066301292841883
0.7108411778639753
0.765182705107582
0.5868414069693754
