0.7663777631533205
0.769643179903234
0.7866848644405483
0.7683205583236772
0.7550257908246694
0.7309256011753212
0.7585903612761166
0.7822870869874591
0.7420115775599326
0.7469380459403635
0.7398679105084849
0.7652320970925055
0.7713999017031968
0.7752085929203236
0.7391666746208224
0.7767618024691898
0.7832361976378592
0.7395810675090674
0.7731744805689139
0.7868195187838181
0.7625841194620654
0.7336240669171168
0.7582153547888743
0.7530470568740759
0.7739093255423932
0.7894347024623724
0.7871153500227748
0.781016515817365
0.7620717293459673
0.7642814953717991
0.7262878260390241
0.7516603230424471
0.7683426893695503
0.748779445769251
0.7539250411531165
0.7921974144584665
0.7330743927353156
0.7586646516573223
0.7661039152937236
0.7784932228896719
0.7610208043003883
0.7587648019898119
0.8141022927995121
0.756402000094865
0.765458241623242
0.7772781213264878
0.8030458011255329
0.7600429930012819
0.7483286396400246
0.7882442196322141
0.7541292091618036
0.7662641147501552
0.7809593458778676
0.7567524474689081
0.7438748126113979
0.7912112101900769
0.7450419079993758
0.7661663142406369
0.7776325536377449
0.7334888308371351
0.769261374271221
0.7407216176189102
0.7442757347928488
0.7635639981671993
0.7894022279521036
0.7617834336450157
0.7834337329890187
0.790286970742283
0.751216915455059
0.7687610213046462
0.7308032916618539
0.7708461751364466
0.7555710070584718
0.7741235004112434
0.782017301724446
0.7523556635922126
0.7588360566115526
0.7541307928573224
0.7511176294256813
0.7528701434692698
0.766128206708737
0.7664153080750111
0.8062337192468187
0.7789541612960204
0.761330707107838
0.7419082225956365
0.7652113694608134
0.7574752291006529
0.7425642399865496
0.7557568553305032
0.7717350631018589
0.7463845773534676
0.7391219263635362
0.7804830882227648
0.7667848965642177
0.755400765191094
0.7630225518877217
0.7403509255031605
0.7458588699374888
0.7666405694401847
0.7573360512508334
0.7622485775048875
0.7273696465118831
0.769377620984202
0.7609561657944891
0.7736776718796436
0.7445152533555682
0.7556830979544629
0.780380068402661
0.7636059928841368
0.7724302094417406
